-2.4497720911755554
89295665425899.97
-5886448.88825576
0.15592448293623584
0.09047539154589039
-0.011618783380305042
-0.12606209562358486
-38931442.58443023
-1318.6359677907499
-181011.55860384842
-1.5999968706280614
0.7676317512752314
14.10577688348565
1.7429185241417005
-972.9858294278807
25.555036074522636
-0.022675969371921127
-1355.8618354315115
-150.36511151795014
-0.29251189747407047
-2711501213.613263
2381741.3955791583
0.1219744326565336
0.09461557702483518
2.718281828459045
-847.1487092209862
-8.697010469045177
0.5807556858098182
-0.008237769270189607
1.0412422649541293
-12.716588105740703
751887.6135417097
0.10499644237143123
-1882257.8027239882
2.718281828459045
701.4163925167654
-0.1365009957082285
24.875518175753292
-0.011618783380305042
581.8154927034864
