0.021467462815455557
0.8972897520305314
0.034300505648069725
0.02618158100704072
0.3234657858799432
0.09287287780685931
0.02363015892994423
0.06919428556089095
2.88274645317702e+86
110.46198121467432
0.03143716981725172
0.0535003236864474
0.02618158100704072
0.0502589029357979
0.02219768929739122
0.11946085767729647
0.034300505648069725
0.060623809023872356
0.4031782747928774
0.03294052780160192
0.0877734809884482
0.21784251308036023
4.655292450035863
17.95581981811268
4978.651181453867
0.02586177411353612
1.473903445060754
3.109408219964699
0.033032040793022216
0.059983006928122015
0.023835458764299447
0.030687867723187132
0.13131681414605237
0.657744623479457
0.08003365790226269
0.030372418985094643
91.18717719247881
0.04724676957863885
0.0281155302113515
56.43618334181874
